0;0,1,0,0/2,1,-204,14/0,3,237,-27/'
1;0,1,-249,67,/0,1,-416,-20,/0,1,-265,-199,/0,1,-50,-64,/0,3,173,78,/0,3,308,-59,/0,3,169,-216,/'
2;0,1,-205,122,/0,1,-455,-18,/0,1,-240,-189,/0,0,-104,-44,/0,0,120,-55,/0,3,239,128,/0,3,426,-59,/0,3,204,-238,/'
3;1,0,-15,-16,/0,1,-185,125,/0,1,-361,-29,/0,1,-226,-188,/0,3,191,-239,/0,3,328,-56,/0,3,170,135,/'
4;2,0,-56,-34,/1,0,-262,-44,/1,0,176,-42,/0,1,-548,19,/0,1,-494,167,/0,1,-348,223,/0,1,-189,231,/0,3,189,-250,/0,3,337,-214,/0,3,451,-113,/0,3,487,37,/'
5;1,1,-50,-11,/0,1,-201,-18,/0,1,129,-22,/0,3,381,67,/0,3,383,-156,/0,2,-387,119,/0,2,-409,-130,/'
6;2,1,-82,12,/0,3,-254,220,/0,3,153,214,/0,3,-298,-226,/0,3,161,-241,/0,3,341,-2,/'
7;0,1,-543,140,/0,1,-548,-34,/0,1,-557,-206,/0,3,557,157,/0,3,548,0,/0,3,548,-213,/0,0,-365,90,/0,0,-396,-126,/0,0,415,76,/0,0,415,-131,/1,0,-15,-28,/0,0,-216,-45,/0,0,-133,197,/0,0,-123,-262,/0,0,265,-28,/0,0,141,178,/0,0,130,-221,/'
8;1,1,-351,-223,/1,3,305,-231,/1,2,304,240,/1,4,-342,238,/0,0,-279,-30,/0,0,44,-150,/0,0,176,90,/0,0,-134,190,/2,0,-75,15,/'
9;0,1,-508,-262,/0,1,-228,-92,/1,0,-60,3,/0,3,101,-80,/0,2,95,130,/0,4,-209,104,/0,4,-370,209,/0,2,332,260,/0,3,306,-235,/'
10;2,1,-546,-29,/1,1,-365,-216,/1,1,-353,119,/0,1,-163,250,/0,1,-167,-23,/0,1,-168,-245,/2,3,469,-13,/1,3,289,-169,/1,3,298,118,/0,3,80,255,/0,3,72,-28,/0,3,65,-242,/'
11;0,1,-529,-241,/0,3,536,-258,/0,2,564,261,/0,4,-559,258,/0,0,-551,77,/0,0,-549,-88,/0,0,-446,-6,/0,0,-370,117,/0,0,-361,-126,/0,0,-263,-24,/0,0,-157,90,/0,0,-138,-143,/0,0,-55,-24,/0,0,62,99,/0,0,81,-144,/0,0,541,84,/0,0,543,-100,/0,0,433,-7,/0,0,318,102,/0,0,322,-145,/0,0,197,-11,/0,0,-263,-241,/0,0,-32,-242,/0,0,202,-239,/0,0,-257,229,/0,0,-41,238,/0,0,183,231,/'
12;2,1,-480,-190,/2,3,424,-204,/2,2,-42,216,/0,2,-109,52,/0,2,82,60,/0,3,213,-237,/0,3,266,-86,/0,1,-297,-85,/0,1,-220,-217,/'